12423432453454353454354364564526426266342
45
3245432
65
436
43
26
45367
54267545446543645
6436436
4564
56
453
6453
645
36
456
43
6
456666666666666666666666666456453
64
6
456
456
4566666555555555555555555555555555646
43564
364
645365555555555555555555564
3645
64
536
45312423432453454353454354364564526426266342
45
3245432
65
436
43
26
45367
54267545446543645
6436436
4564
56
453
6453
645
36
456
43
6
456666666666666666666666666456453
64
6
456
456
4566666555555555555555555555555555646
43564
364
645365555555555555555555564
3645
64
536
45312423432453454353454354364564526426266342
45
3245432
65
436
43
26
45367
54267545446543645
6436436
4564
56
453
6453
645
36
456
43
6
456666666666666666666666666456453
64
6
456
456
4566666555555555555555555555555555646
43564
364
645365555555555555555555564
3645
64
536
45312423432453454353454354364564526426266342
45
3245432
65
436
43
26
45367
54267545446543645
6436436
4564
56
453
6453
645
36
456
43
6
456666666666666666666666666456453
64
6
456
456
4566666555555555555555555555555555646
43564
364
645365555555555555555555564
3645
64
536
45312423432453454353454354364564526426266342
45
3245432
65
436
43
26
45367
54267545446543645
6436436
4564
56
453
6453
645
36
456
43
6
456666666666666666666666666456453
64
6
456
456
4566666555555555555555555555555555646
43564
364
645365555555555555555555564
3645
64
536
45312423432453454353454354364564526426266342
45
3245432
65
436
43
26
45367
54267545446543645
6436436
4564
56
453
6453
645
36
456
43
6
456666666666666666666666666456453
64
6
456
456
4566666555555555555555555555555555646
43564
364
645365555555555555555555564
3645
64
536
45312423432453454353454354364564526426266342
45
3245432
65
436
43
26
45367
54267545446543645
6436436
4564
56
453
6453
645
36
456
43
6
456666666666666666666666666456453
64
6
456
456
4566666555555555555555555555555555646
43564
364
645365555555555555555555564
3645
64
536
45312423432453454353454354364564526426266342
45
3245432
65
436
43
26
45367
54267545446543645
6436436
4564
56
453
6453
645
36
456
43
6
456666666666666666666666666456453
64
6
456
456
4566666555555555555555555555555555646
43564
364
645365555555555555555555564
3645
64
536
45312423432453454353454354364564526426266342
45
3245432
65
436
43
26
45367
54267545446543645
6436436
4564
56
453
6453
645
36
456
43
6
456666666666666666666666666456453
64
6
456
456
4566666555555555555555555555555555646
43564
364
645365555555555555555555564
3645
64
536
45312423432453454353454354364564526426266342
45
3245432
65
436
43
26
45367
54267545446543645
6436436
4564
56
453
6453
645
36
456
43
6
456666666666666666666666666456453
64
6
456
456
4566666555555555555555555555555555646
43564
364
645365555555555555555555564
3645
64
536
45312423432453454353454354364564526426266342
45
3245432
65
436
43
26
45367
54267545446543645
6436436
4564
56
453
6453
645
36
456
43
6
456666666666666666666666666456453
64
6
456
456
4566666555555555555555555555555555646
43564
364
645365555555555555555555564
3645
64
536
45312423432453454353454354364564526426266342
45
3245432
65
436
43
26
45367
54267545446543645
6436436
4564
56
453
6453
645
36
456
43
6
456666666666666666666666666456453
64
6
456
456
4566666555555555555555555555555555646
43564
364
645365555555555555555555564
3645
64
536
453
